# Numerov wave function for l=5
# r  Re(psi)  Im(psi)
0.000000  0.0000000000  0.0000000000
0.020000  0.0000000000  0.0000000000
0.040000  0.0000000000  0.0000000000
0.060000  0.0000000000  0.0000000000
0.080000  0.0000000000  0.0000000000
0.100000  0.0000000000  0.0000000000
0.120000  0.0000000000  0.0000000000
0.140000  0.0000000000  0.0000000000
0.160000  0.0000000000  0.0000000000
0.180000  0.0000000000  0.0000000000
0.200000  0.0000000000  0.0000000000
0.220000  0.0000000193  0.0000000156
0.240000  0.0000000434  0.0000000350
0.260000  0.0000000765  0.0000000617
0.280000  0.0000001232  0.0000000994
0.300000  0.0000001886  0.0000001522
0.320000  0.0000002791  0.0000002251
0.340000  0.0000004021  0.0000003243
0.360000  0.0000005665  0.0000004568
0.380000  0.0000007829  0.0000006311
0.400000  0.0000010636  0.0000008573
0.420000  0.0000014230  0.0000011467
0.440000  0.0000018777  0.0000015130
0.460000  0.0000024470  0.0000019712
0.480000  0.0000031524  0.0000025390
0.500000  0.0000040187  0.0000032360
0.520000  0.0000050735  0.0000040844
0.540000  0.0000063479  0.0000051092
0.560000  0.0000078767  0.0000063381
0.580000  0.0000096981  0.0000078018
0.600000  0.0000118548  0.0000095342
0.620000  0.0000143935  0.0000115728
0.640000  0.0000173655  0.0000139585
0.660000  0.0000208270  0.0000167359
0.680000  0.0000248388  0.0000199537
0.700000  0.0000294676  0.0000236646
0.720000  0.0000347850  0.0000279259
0.740000  0.0000408686  0.0000327991
0.760000  0.0000478021  0.0000383504
0.780000  0.0000556752  0.0000446511
0.800000  0.0000645841  0.0000517772
0.820000  0.0000746316  0.0000598100
0.840000  0.0000859276  0.0000688363
0.860000  0.0000985888  0.0000789481
0.880000  0.0001127396  0.0000902432
0.900000  0.0001285115  0.0001028253
0.920000  0.0001460441  0.0001168037
0.940000  0.0001654846  0.0001322940
0.960000  0.0001869885  0.0001494179
0.980000  0.0002107194  0.0001683033
1.000000  0.0002368495  0.0001890845
1.020000  0.0002655595  0.0002119022
1.040000  0.0002970388  0.0002369038
1.060000  0.0003314858  0.0002642431
1.080000  0.0003691077  0.0002940806
1.100000  0.0004101210  0.0003265837
1.120000  0.0004547512  0.0003619264
1.140000  0.0005032335  0.0004002895
1.160000  0.0005558119  0.0004418605
1.180000  0.0006127405  0.0004868339
1.200000  0.0006742825  0.0005354109
1.220000  0.0007407108  0.0005877995
1.240000  0.0008123079  0.0006442144
1.260000  0.0008893660  0.0007048770
1.280000  0.0009721869  0.0007700153
1.300000  0.0010610820  0.0008398640
1.320000  0.0011563723  0.0009146641
1.340000  0.0012583888  0.0009946633
1.360000  0.0013674715  0.0010801152
1.380000  0.0014839704  0.0011712799
1.400000  0.0016082448  0.0012684234
1.420000  0.0017406635  0.0013718175
1.440000  0.0018816047  0.0014817399
1.460000  0.0020314557  0.0015984738
1.480000  0.0021906132  0.0017223077
1.500000  0.0023594828  0.0018535354
1.520000  0.0025384793  0.0019924558
1.540000  0.0027280262  0.0021393724
1.560000  0.0029285558  0.0022945933
1.580000  0.0031405089  0.0024584309
1.600000  0.0033643350  0.0026312017
1.620000  0.0036004918  0.0028132261
1.640000  0.0038494453  0.0030048280
1.660000  0.0041116694  0.0032063345
1.680000  0.0043876461  0.0034180757
1.700000  0.0046778650  0.0036403846
1.720000  0.0049828234  0.0038735963
1.740000  0.0053030259  0.0041180483
1.760000  0.0056389845  0.0043740797
1.780000  0.0059912184  0.0046420310
1.800000  0.0063602537  0.0049222439
1.820000  0.0067466233  0.0052150611
1.840000  0.0071508667  0.0055208254
1.860000  0.0075735303  0.0058398799
1.880000  0.0080151664  0.0061725675
1.900000  0.0084763339  0.0065192303
1.920000  0.0089575976  0.0068802097
1.940000  0.0094595286  0.0072558456
1.960000  0.0099827034  0.0076464763
1.980000  0.0105277047  0.0080524380
2.000000  0.0110951205  0.0084740646
2.020000  0.0116855446  0.0089116872
2.040000  0.0122995760  0.0093656336
2.060000  0.0129378192  0.0098362282
2.080000  0.0136008838  0.0103237916
2.100000  0.0142893847  0.0108286400
2.120000  0.0150039420  0.0113510851
2.140000  0.0157451806  0.0118914336
2.160000  0.0165137304  0.0124499869
2.180000  0.0173102265  0.0130270407
2.200000  0.0181353086  0.0136228846
2.220000  0.0189896213  0.0142378020
2.240000  0.0198738139  0.0148720696
2.260000  0.0207885407  0.0155259568
2.280000  0.0217344605  0.0161997259
2.300000  0.0227122367  0.0168936317
2.320000  0.0237225376  0.0176079206
2.340000  0.0247660358  0.0183428312
2.360000  0.0258434087  0.0190985933
2.380000  0.0269553381  0.0198754280
2.400000  0.0281025102  0.0206735476
2.420000  0.0292856157  0.0214931547
2.440000  0.0305053496  0.0223344429
2.460000  0.0317624113  0.0231975957
2.480000  0.0330575042  0.0240827870
2.500000  0.0343913358  0.0249901808
2.520000  0.0357646177  0.0259199305
2.540000  0.0371780654  0.0268721796
2.560000  0.0386323978  0.0278470611
2.580000  0.0401283378  0.0288446974
2.600000  0.0416666114  0.0298652007
2.620000  0.0432479478  0.0309086723
2.640000  0.0448730792  0.0319752031
2.660000  0.0465427406  0.0330648735
2.680000  0.0482576694  0.0341777533
2.700000  0.0500186051  0.0353139020
2.720000  0.0518262891  0.0364733687
2.740000  0.0536814644  0.0376561922
2.760000  0.0555848751  0.0388624013
2.780000  0.0575372659  0.0400920151
2.800000  0.0595393821  0.0413450426
2.820000  0.0615919687  0.0426214838
2.840000  0.0636957703  0.0439213290
2.860000  0.0658515302  0.0452445599
2.880000  0.0680599902  0.0465911493
2.900000  0.0703218901  0.0479610617
2.920000  0.0726379669  0.0493542536
2.940000  0.0750089543  0.0507706738
2.960000  0.0774355820  0.0522102636
2.980000  0.0799185753  0.0536729574
3.000000  0.0824586543  0.0551586832
3.020000  0.0850565331  0.0566673626
3.040000  0.0877129195  0.0581989114
3.060000  0.0904285139  0.0597532400
3.080000  0.0932040088  0.0613302540
3.100000  0.0960400880  0.0629298542
3.120000  0.0989374260  0.0645519374
3.140000  0.1018966871  0.0661963964
3.160000  0.1049185247  0.0678631207
3.180000  0.1080035806  0.0695519970
3.200000  0.1111524844  0.0712629091
3.220000  0.1143658524  0.0729957385
3.240000  0.1176442872  0.0747503651
3.260000  0.1209883765  0.0765266667
3.280000  0.1243986932  0.0783245203
3.300000  0.1278757935  0.0801438013
3.320000  0.1314202173  0.0819843849
3.340000  0.1350324868  0.0838461452
3.360000  0.1387131058  0.0857289564
3.380000  0.1424625594  0.0876326923
3.400000  0.1462813129  0.0895572266
3.420000  0.1501698114  0.0915024333
3.440000  0.1541284788  0.0934681865
3.460000  0.1581577176  0.0954543606
3.480000  0.1622579078  0.0974608300
3.500000  0.1664294064  0.0994874698
3.520000  0.1706725470  0.1015341550
3.540000  0.1749876388  0.1036007609
3.560000  0.1793749667  0.1056871631
3.580000  0.1838347908  0.1077932377
3.600000  0.1883673462  0.1099188609
3.620000  0.1929728419  0.1120639091
3.640000  0.1976514610  0.1142282587
3.660000  0.2024033599  0.1164117859
3.680000  0.2072286674  0.1186143661
3.700000  0.2121274850  0.1208358743
3.720000  0.2170998858  0.1230761845
3.740000  0.2221459142  0.1253351692
3.760000  0.2272655857  0.1276126993
3.780000  0.2324588861  0.1299086440
3.800000  0.2377257713  0.1322228701
3.820000  0.2430661669  0.1345552417
3.840000  0.2484799674  0.1369056199
3.860000  0.2539670364  0.1392738627
3.880000  0.2595272058  0.1416598241
3.900000  0.2651602753  0.1440633539
3.920000  0.2708660125  0.1464842977
3.940000  0.2766441520  0.1489224957
3.960000  0.2824943954  0.1513777832
3.980000  0.2884164106  0.1538499894
4.000000  0.2944098320  0.1563389375
4.020000  0.3004742594  0.1588444441
4.040000  0.3066092584  0.1613663188
4.060000  0.3128143594  0.1639043638
4.080000  0.3190890580  0.1664583736
4.100000  0.3254328138  0.1690281345
4.120000  0.3318450510  0.1716134242
4.140000  0.3383251575  0.1742140114
4.160000  0.3448724848  0.1768296557
4.180000  0.3514863478  0.1794601068
4.200000  0.3581660243  0.1821051046
4.220000  0.3649107549  0.1847643784
4.240000  0.3717197430  0.1874376470
4.260000  0.3785921539  0.1901246181
4.280000  0.3855271152  0.1928249880
4.300000  0.3925237164  0.1955384415
4.320000  0.3995810086  0.1982646513
4.340000  0.4066980042  0.2010032782
4.360000  0.4138736770  0.2037539703
4.380000  0.4211069621  0.2065163632
4.400000  0.4283967553  0.2092900795
4.420000  0.4357419133  0.2120747285
4.440000  0.4431412537  0.2148699066
4.460000  0.4505935544  0.2176751963
4.480000  0.4580975542  0.2204901665
4.500000  0.4656519520  0.2233143723
4.520000  0.4732554073  0.2261473548
4.540000  0.4809065399  0.2289886409
4.560000  0.4886039300  0.2318377435
4.580000  0.4963461180  0.2346941608
4.600000  0.5041316048  0.2375573768
4.620000  0.5119588516  0.2404268610
4.640000  0.5198262802  0.2433020683
4.660000  0.5277322726  0.2461824390
4.680000  0.5356751717  0.2490673989
4.700000  0.5436532811  0.2519563590
4.720000  0.5516648652  0.2548487158
4.740000  0.5597081493  0.2577438511
4.760000  0.5677813202  0.2606411322
4.780000  0.5758825258  0.2635399119
4.800000  0.5840098759  0.2664395283
4.820000  0.5921614418  0.2693393053
4.840000  0.6003352573  0.2722385525
4.860000  0.6085293184  0.2751365650
4.880000  0.6167415839  0.2780326241
4.900000  0.6249699756  0.2809259969
4.920000  0.6332123788  0.2838159368
4.940000  0.6414666425  0.2867016833
4.960000  0.6497305800  0.2895824626
4.980000  0.6580019691  0.2924574873
5.000000  0.6662785527  0.2953259568
5.020000  0.6745580393  0.2981870578
5.040000  0.6828381034  0.3010399640
5.060000  0.6911163861  0.3038838365
5.080000  0.6993904955  0.3067178241
5.100000  0.7076580074  0.3095410637
5.120000  0.7159164659  0.3123526801
5.140000  0.7241633838  0.3151517867
5.160000  0.7323962436  0.3179374856
5.180000  0.7406124979  0.3207088678
5.200000  0.7488095701  0.3234650138
5.220000  0.7569848550  0.3262049934
5.240000  0.7651357200  0.3289278665
5.260000  0.7732595051  0.3316326833
5.280000  0.7813535245  0.3343184844
5.300000  0.7894150667  0.3369843015
5.320000  0.7974413958  0.3396291574
5.340000  0.8054297518  0.3422520667
5.360000  0.8133773523  0.3448520358
5.380000  0.8212813924  0.3474280637
5.400000  0.8291390464  0.3499791420
5.420000  0.8369474684  0.3525042557
5.440000  0.8447037929  0.3550023831
5.460000  0.8524051366  0.3574724966
5.480000  0.8600485985  0.3599135631
5.500000  0.8676312617  0.3623245442
5.520000  0.8751501936  0.3647043968
5.540000  0.8826024478  0.3670520735
5.560000  0.8899850643  0.3693665230
5.580000  0.8972950715  0.3716466907
5.600000  0.9045294865  0.3738915191
5.620000  0.9116853165  0.3760999480
5.640000  0.9187595602  0.3782709154
5.660000  0.9257492086  0.3804033576
5.680000  0.9326512461  0.3824962101
5.700000  0.9394626522  0.3845484075
5.720000  0.9461804022  0.3865588847
5.740000  0.9528014686  0.3885265767
5.760000  0.9593228222  0.3904504197
5.780000  0.9657414335  0.3923293510
5.800000  0.9720542739  0.3941623102
5.820000  0.9782583171  0.3959482391
5.840000  0.9843505401  0.3976860826
5.860000  0.9903279245  0.3993747890
5.880000  0.9961874582  0.4010133105
5.900000  1.0019261363  0.4026006041
5.920000  1.0075409625  0.4041356317
5.940000  1.0130289507  0.4056173607
5.960000  1.0183871260  0.4070447648
5.980000  1.0236125262  0.4084168241
6.000000  1.0287022032  0.4097325261
6.020000  1.0336532241  0.4109908660
6.040000  1.0384626732  0.4121908471
6.060000  1.0431276525  0.4133314815
6.080000  1.0476452839  0.4144117908
6.100000  1.0520127100  0.4154308063
6.120000  1.0562270958  0.4163875697
6.140000  1.0602856300  0.4172811337
6.160000  1.0641855265  0.4181105624
6.180000  1.0679240254  0.4188749320
6.200000  1.0714983951  0.4195733311
6.220000  1.0749059330  0.4202048615
6.240000  1.0781439674  0.4207686385
6.260000  1.0812098586  0.4212637916
6.280000  1.0841010004  0.4216894648
6.300000  1.0868148216  0.4220448176
6.320000  1.0893487871  0.4223290248
6.340000  1.0917003997  0.4225412777
6.360000  1.0938672011  0.4226807842
6.380000  1.0958467736  0.4227467695
6.400000  1.0976367411  0.4227384766
6.420000  1.0992347709  0.4226551667
6.440000  1.1006385747  0.4224961196
6.460000  1.1018459103  0.4222606347
6.480000  1.1028545825  0.4219480308
6.500000  1.1036624449  0.4215576470
6.520000  1.1042674009  0.4210888434
6.540000  1.1046674052  0.4205410009
6.560000  1.1048604649  0.4199135222
6.580000  1.1048446411  0.4192058320
6.600000  1.1046180499  0.4184173779
6.620000  1.1041788638  0.4175476300
6.640000  1.1035253130  0.4165960824
6.660000  1.1026556864  0.4155622525
6.680000  1.1015683331  0.4144456826
6.700000  1.1002616634  0.4132459393
6.720000  1.0987341503  0.4119626146
6.740000  1.0969843303  0.4105953259
6.760000  1.0950108046  0.4091437166
6.780000  1.0928122405  0.4076074564
6.800000  1.0903873723  0.4059862418
6.820000  1.0877350024  0.4042797964
6.840000  1.0848540026  0.4024878710
6.860000  1.0817433148  0.4006102443
6.880000  1.0784019523  0.3986467234
6.900000  1.0748290006  0.3965971434
6.920000  1.0710236185  0.3944613686
6.940000  1.0669850393  0.3922392920
6.960000  1.0627125712  0.3899308363
6.980000  1.0582055986  0.3875359536
7.000000  1.0534635830  0.3850546263
7.020000  1.0484860635  0.3824868666
7.040000  1.0432726580  0.3798327175
7.060000  1.0378230639  0.3770922526
7.080000  1.0321370589  0.3742655763
7.100000  1.0262145014  0.3713528245
7.120000  1.0200553318  0.3683541640
7.140000  1.0136595728  0.3652697936
7.160000  1.0070273301  0.3620999436
7.180000  1.0001587930  0.3588448763
7.200000  0.9930542352  0.3555048861
7.220000  0.9857140153  0.3520802994
7.240000  0.9781385768  0.3485714752
7.260000  0.9703284496  0.3449788049
7.280000  0.9622842496  0.3413027124
7.300000  0.9540066794  0.3375436543
7.320000  0.9454965288  0.3337021198
7.340000  0.9367546752  0.3297786312
7.360000  0.9277820836  0.3257737433
7.380000  0.9185798071  0.3216880439
7.400000  0.9091489874  0.3175221538
7.420000  0.8994908545  0.3132767266
7.440000  0.8896067273  0.3089524488
7.460000  0.8794980134  0.3045500399
7.480000  0.8691662096  0.3000702520
7.500000  0.8586129017  0.2955138701
7.520000  0.8478397645  0.2908817121
7.540000  0.8368485621  0.2861746283
7.560000  0.8256411473  0.2813935017
7.580000  0.8142194623  0.2765392475
7.600000  0.8025855377  0.2716128135
7.620000  0.7907414930  0.2666151796
7.640000  0.7786895363  0.2615473575
7.660000  0.7664319636  0.2564103911
7.680000  0.7539711592  0.2512053556
7.700000  0.7413095948  0.2459333580
7.720000  0.7284498295  0.2405955364
7.740000  0.7153945093  0.2351930598
7.760000  0.7021463667  0.2297271283
7.780000  0.6887082199  0.2241989722
7.800000  0.6750829729  0.2186098522
7.820000  0.6612736144  0.2129610590
7.840000  0.6472832175  0.2072539129
7.860000  0.6331149390  0.2014897635
7.880000  0.6187720187  0.1956699895
7.900000  0.6042577785  0.1897959983
7.920000  0.5895756221  0.1838692254
7.940000  0.5747290338  0.1778911345
7.960000  0.5597215778  0.1718632166
7.980000  0.5445568975  0.1657869900
8.000000  0.5292387141  0.1596639997
8.020000  0.5137708264  0.1534958169
8.040000  0.4981571091  0.1472840386
8.060000  0.4824015120  0.1410302874
8.080000  0.4665080594  0.1347362106
8.100000  0.4504808481  0.1284034801
8.120000  0.4343240472  0.1220337915
8.140000  0.4180418961  0.1156288640
8.160000  0.4016387039  0.1091904395
8.180000  0.3851188479  0.1027202825
8.200000  0.3684867722  0.0962201790
8.220000  0.3517469867  0.0896919365
8.240000  0.3349040653  0.0831373829
8.260000  0.3179626449  0.0765583662
8.280000  0.3009274239  0.0699567541
8.300000  0.2838031603  0.0633344328
8.320000  0.2665946710  0.0566933070
8.340000  0.2493068295  0.0500352988
8.360000  0.2319445648  0.0433623473
8.380000  0.2145128597  0.0366764079
8.400000  0.1970167490  0.0299794515
8.420000  0.1794613179  0.0232734641
8.440000  0.1618517008  0.0165604457
8.460000  0.1441930786  0.0098424101
8.480000  0.1264906778  0.0031213837
8.500000  0.1087497686  -0.0036005948
8.520000  0.0909756625  -0.0103214756
8.540000  0.0731737112  -0.0170391978
8.560000  0.0553493042  -0.0237516912
8.580000  0.0375078674  -0.0304568759
8.600000  0.0196548605  -0.0371526639
8.620000  0.0017957759  -0.0438369597
8.640000  -0.0160638640  -0.0505076607
8.660000  -0.0339185083  -0.0571626584
8.680000  -0.0517625801  -0.0637998391
8.700000  -0.0695904778  -0.0704170845
8.720000  -0.0873965779  -0.0770122727
8.740000  -0.1051752367  -0.0835832791
8.760000  -0.1229207924  -0.0901279769
8.780000  -0.1406275674  -0.0966442381
8.800000  -0.1582898701  -0.1031299345
8.820000  -0.1759019976  -0.1095829382
8.840000  -0.1934582372  -0.1160011226
8.860000  -0.2109528690  -0.1223823632
8.880000  -0.2283801681  -0.1287245387
8.900000  -0.2457344066  -0.1350255314
8.920000  -0.2630098561  -0.1412832282
8.940000  -0.2802007895  -0.1474955218
8.960000  -0.2973014838  -0.1536603110
8.980000  -0.3143062220  -0.1597755020
9.000000  -0.3312092953  -0.1658390089
9.020000  -0.3480050056  -0.1718487550
9.040000  -0.3646876678  -0.1778026733
9.060000  -0.3812516118  -0.1836987072
9.080000  -0.3976911851  -0.1895348120
9.100000  -0.4140007550  -0.1953089551
9.120000  -0.4301747107  -0.2010191174
9.140000  -0.4462074659  -0.2066632936
9.160000  -0.4620934609  -0.2122394934
9.180000  -0.4778271651  -0.2177457425
9.200000  -0.4934030791  -0.2231800830
9.220000  -0.5088157371  -0.2285405746
9.240000  -0.5240597090  -0.2338252954
9.260000  -0.5391296032  -0.2390323425
9.280000  -0.5540200684  -0.2441598331
9.300000  -0.5687257960  -0.2492059053
9.320000  -0.5832415225  -0.2541687189
9.340000  -0.5975620317  -0.2590464559
9.360000  -0.6116821569  -0.2638373220
9.380000  -0.6255967832  -0.2685395467
9.400000  -0.6393008499  -0.2731513846
9.420000  -0.6527893524  -0.2776711161
9.440000  -0.6660573446  -0.2820970479
9.460000  -0.6790999413  -0.2864275141
9.480000  -0.6919123200  -0.2906608769
9.500000  -0.7044897231  -0.2947955274
9.520000  -0.7168274607  -0.2988298861
9.540000  -0.7289209116  -0.3027624040
9.560000  -0.7407655266  -0.3065915632
9.580000  -0.7523568297  -0.3103158776
9.600000  -0.7636904207  -0.3139338937
9.620000  -0.7747619770  -0.3174441911
9.640000  -0.7855672557  -0.3208453836
9.660000  -0.7961020957  -0.3241361194
9.680000  -0.8063624195  -0.3273150823
9.700000  -0.8163442352  -0.3303809919
9.720000  -0.8260436387  -0.3333326045
9.740000  -0.8354568152  -0.3361687138
9.760000  -0.8445800411  -0.3388881512
9.780000  -0.8534096864  -0.3414897869
9.800000  -0.8619422156  -0.3439725300
9.820000  -0.8701741903  -0.3463353297
9.840000  -0.8781022706  -0.3485771751
9.860000  -0.8857232167  -0.3506970964
9.880000  -0.8930338907  -0.3526941652
9.900000  -0.9000312585  -0.3545674951
9.920000  -0.9067123908  -0.3563162419
9.940000  -0.9130744653  -0.3579396049
9.960000  -0.9191147678  -0.3594368262
9.980000  -0.9248306940  -0.3608071924
10.000000  -0.9302197506  -0.3620500342
10.020000  -0.9352795570  -0.3631647272
10.040000  -0.9400078468  -0.3641506921
10.060000  -0.9444024686  -0.3650073954
10.080000  -0.9484613877  -0.3657343495
10.100000  -0.9521826874  -0.3663311134
10.120000  -0.9555645699  -0.3667972926
10.140000  -0.9586053577  -0.3671325398
10.160000  -0.9613034945  -0.3673365550
10.180000  -0.9636575464  -0.3674090861
10.200000  -0.9656662032  -0.3673499288
10.220000  -0.9673282785  -0.3671589268
10.240000  -0.9686427118  -0.3668359728
10.260000  -0.9696085684  -0.3663810075
10.280000  -0.9702250407  -0.3657940212
10.300000  -0.9704914487  -0.3650750526
10.320000  -0.9704072413  -0.3642241900
10.340000  -0.9699719961  -0.3632415710
10.360000  -0.9691854208  -0.3621273825
10.380000  -0.9680473534  -0.3608818613
10.400000  -0.9665577626  -0.3595052935
10.420000  -0.9647167488  -0.3579980152
10.440000  -0.9625245438  -0.3563604120
10.460000  -0.9599815118  -0.3545929195
10.480000  -0.9570881492  -0.3526960230
10.500000  -0.9538450853  -0.3506702575
10.520000  -0.9502530821  -0.3485162077
10.540000  -0.9463130348  -0.3462345081
10.560000  -0.9420259715  -0.3438258425
10.580000  -0.9373930537  -0.3412909444
10.600000  -0.9324155759  -0.3386305965
10.620000  -0.9270949656  -0.3358456306
10.640000  -0.9214327833  -0.3329369277
10.660000  -0.9154307222  -0.3299054175
10.680000  -0.9090906080  -0.3267520783
10.700000  -0.9024143985  -0.3234779367
10.720000  -0.8954041836  -0.3200840676
10.740000  -0.8880621843  -0.3165715937
10.760000  -0.8803907527  -0.3129416851
10.780000  -0.8723923713  -0.3091955593
10.800000  -0.8640696525  -0.3053344806
10.820000  -0.8554253377  -0.3013597598
10.840000  -0.8464622971  -0.2972727540
10.860000  -0.8371835285  -0.2930748660
10.880000  -0.8275921566  -0.2887675440
10.900000  -0.8176914324  -0.2843522808
10.920000  -0.8074847318  -0.2798306141
10.940000  -0.7969755550  -0.2752041252
10.960000  -0.7861675256  -0.2704744391
10.980000  -0.7750643891  -0.2656432235
11.000000  -0.7636700118  -0.2607121888
11.020000  -0.7519883801  -0.2556830870
11.040000  -0.7400235987  -0.2505577114
11.060000  -0.7277798896  -0.2453378962
11.080000  -0.7152615907  -0.2400255153
11.100000  -0.7024731543  -0.2346224822
11.120000  -0.6894191457  -0.2291307493
11.140000  -0.6761042417  -0.2235523068
11.160000  -0.6625332293  -0.2178891824
11.180000  -0.6487110033  -0.2121434407
11.200000  -0.6346425658  -0.2063171820
11.220000  -0.6203330232  -0.2004125420
11.240000  -0.6057875857  -0.1944316907
11.260000  -0.5910115645  -0.1883768319
11.280000  -0.5760103705  -0.1822502023
11.300000  -0.5607895121  -0.1760540706
11.320000  -0.5453545936  -0.1697907369
11.340000  -0.5297113126  -0.1634625317
11.360000  -0.5138654586  -0.1570718148
11.380000  -0.4978229107  -0.1506209750
11.400000  -0.4815896353  -0.1441124289
11.420000  -0.4651716840  -0.1375486197
11.440000  -0.4485751914  -0.1309320169
11.460000  -0.4318063730  -0.1242651150
11.480000  -0.4148715227  -0.1175504325
11.500000  -0.3977770106  -0.1107905111
11.520000  -0.3805292802  -0.1039879149
11.540000  -0.3631348469  -0.0971452289
11.560000  -0.3456002945  -0.0902650586
11.580000  -0.3279322735  -0.0833500285
11.600000  -0.3101374980  -0.0764027816
11.620000  -0.2922227436  -0.0694259778
11.640000  -0.2741948446  -0.0624222933
11.660000  -0.2560606914  -0.0553944195
11.680000  -0.2378272277  -0.0483450616
11.700000  -0.2195014483  -0.0412769382
11.720000  -0.2010903956  -0.0341927794
11.740000  -0.1826011577  -0.0270953264
11.760000  -0.1640408649  -0.0199873302
11.780000  -0.1454166876  -0.0128715502
11.800000  -0.1267358329  -0.0057507538
11.820000  -0.1080055421  0.0013722856
11.840000  -0.0892330875  0.0084947888
11.860000  -0.0704257701  0.0156139728
11.880000  -0.0515909162  0.0227270510
11.900000  -0.0327358744  0.0298312353
11.920000  -0.0138680132  0.0369237364
11.940000  0.0050052824  0.0440017654
11.960000  0.0238766137  0.0510625347
11.980000  0.0427385716  0.0581032594
12.000000  0.0615837388  0.0651211582
12.020000  0.0804046939  0.0721134547
12.040000  0.0991940134  0.0790773783
12.060000  0.1179442755  0.0860101657
12.080000  0.1366480625  0.0929090618
12.100000  0.1552979644  0.0997713209
12.120000  0.1738865816  0.1065942079
12.140000  0.1924065281  0.1133749992
12.160000  0.2108504343  0.1201109841
12.180000  0.2292109505  0.1267994661
12.200000  0.2474807495  0.1334377635
12.220000  0.2656525299  0.1400232110
12.240000  0.2837190191  0.1465531604
12.260000  0.3016729763  0.1530249823
12.280000  0.3195071954  0.1594360667
12.300000  0.3372145085  0.1657838242
12.320000  0.3547877884  0.1720656875
12.340000  0.3722199519  0.1782791119
12.360000  0.3895039625  0.1844215769
12.380000  0.4066328338  0.1904905869
12.400000  0.4235996323  0.1964836726
12.420000  0.4403974801  0.2023983918
12.440000  0.4570195583  0.2082323306
12.460000  0.4734591094  0.2139831045
12.480000  0.4897094408  0.2196483593
12.500000  0.5057639271  0.2252257721
12.520000  0.5216160134  0.2307130526
12.540000  0.5372592178  0.2361079439
12.560000  0.5526871346  0.2414082232
12.580000  0.5678934367  0.2466117035
12.600000  0.5828718784  0.2517162339
12.620000  0.5976162986  0.2567197009
12.640000  0.6121206229  0.2616200293
12.660000  0.6263788666  0.2664151830
12.680000  0.6403851372  0.2711031661
12.700000  0.6541336372  0.2756820236
12.720000  0.6676186664  0.2801498424
12.740000  0.6808346249  0.2845047523
12.760000  0.6937760148  0.2887449264
12.780000  0.7064374435  0.2928685827
12.800000  0.7188136258  0.2968739840
12.820000  0.7308993860  0.3007594394
12.840000  0.7426896607  0.3045233049
12.860000  0.7541795008  0.3081639839
12.880000  0.7653640740  0.3116799283
12.900000  0.7762386665  0.3150696391
12.920000  0.7867986861  0.3183316670
12.940000  0.7970396632  0.3214646132
12.960000  0.8069572537  0.3244671302
12.980000  0.8165472407  0.3273379220
13.000000  0.8258055365  0.3300757452
13.020000  0.8347281845  0.3326794096
13.040000  0.8433113612  0.3351477782
13.060000  0.8515513777  0.3374797687
13.080000  0.8594446820  0.3396743530
13.100000  0.8669878601  0.3417305586
13.120000  0.8741776381  0.3436474686
13.140000  0.8810108837  0.3454242223
13.160000  0.8874846074  0.3470600158
13.180000  0.8935959645  0.3485541021
13.200000  0.8993422563  0.3499057919
13.220000  0.9047209312  0.3511144535
13.240000  0.9097295867  0.3521795137
13.260000  0.9143659697  0.3531004578
13.280000  0.9186279784  0.3538768300
13.300000  0.9225136633  0.3545082334
13.320000  0.9260212279  0.3549943309
13.340000  0.9291490302  0.3553348449
13.360000  0.9318955833  0.3555295576
13.380000  0.9342595561  0.3555783113
13.400000  0.9362397748  0.3554810085
13.420000  0.9378352227  0.3552376120
13.440000  0.9390450416  0.3548481453
13.460000  0.9398685321  0.3543126921
13.480000  0.9403051542  0.3536313967
13.500000  0.9403545277  0.3528044644
13.520000  0.9400164327  0.3518321607
13.540000  0.9392908097  0.3507148119
13.560000  0.9381777602  0.3494528049
13.580000  0.9366775469  0.3480465869
13.600000  0.9347905933  0.3464966657
13.620000  0.9325174843  0.3448036092
13.640000  0.9298589661  0.3429680455
13.660000  0.9268159459  0.3409906625
13.680000  0.9233894920  0.3388722081
13.700000  0.9195808332  0.3366134894
13.720000  0.9153913592  0.3342153729
13.740000  0.9108226195  0.3316787840
13.760000  0.9058763234  0.3290047069
13.780000  0.9005543394  0.3261941839
13.800000  0.8948586945  0.3232483154
13.820000  0.8887915740  0.3201682594
13.840000  0.8823553202  0.3169552310
13.860000  0.8755524321  0.3136105021
13.880000  0.8683855643  0.3101354009
13.900000  0.8608575261  0.3065313112
13.920000  0.8529712809  0.3027996724
13.940000  0.8447299445  0.2989419784
13.960000  0.8361367846  0.2949597773
13.980000  0.8271952191  0.2908546711
14.000000  0.8179088155  0.2866283143
14.020000  0.8082812887  0.2822824143
14.040000  0.7983165006  0.2778187299
14.060000  0.7880184578  0.2732390710
14.080000  0.7773913108  0.2685452978
14.100000  0.7664393519  0.2637393203
14.120000  0.7551670137  0.2588230972
14.140000  0.7435788677  0.2537986354
14.160000  0.7316796221  0.2486679889
14.180000  0.7194741202  0.2434332584
14.200000  0.7069673385  0.2380965903
14.220000  0.6941643848  0.2326601758
14.240000  0.6810704961  0.2271262497
14.260000  0.6676910366  0.2214970904
14.280000  0.6540314953  0.2157750179
14.300000  0.6400974845  0.2099623937
14.320000  0.6258947367  0.2040616195
14.340000  0.6114291030  0.1980751361
14.360000  0.5967065504  0.1920054227
14.380000  0.5817331594  0.1858549959
14.400000  0.5665151219  0.1796264081
14.420000  0.5510587380  0.1733222473
14.440000  0.5353704142  0.1669451354
14.460000  0.5194566604  0.1604977275
14.480000  0.5033240871  0.1539827105
14.500000  0.4869794032  0.1474028022
14.520000  0.4704294127  0.1407607501
14.540000  0.4536810122  0.1340593302
14.560000  0.4367411880  0.1273013462
14.580000  0.4196170135  0.1204896278
14.600000  0.4023156455  0.1136270298
14.620000  0.3848443221  0.1067164309
14.640000  0.3672103593  0.0997607325
14.660000  0.3494211478  0.0927628574
14.680000  0.3314841503  0.0857257488
14.700000  0.3134068981  0.0786523688
14.720000  0.2951969879  0.0715456970
14.740000  0.2768620790  0.0644087300
14.760000  0.2584098898  0.0572444790
14.780000  0.2398481943  0.0500559697
14.800000  0.2211848195  0.0428462402
14.820000  0.2024276415  0.0356183399
14.840000  0.1835845825  0.0283753285
14.860000  0.1646636071  0.0211202742
14.880000  0.1456727194  0.0138562528
14.900000  0.1266199592  0.0065863464
14.920000  0.1075133990  -0.0006863584
14.940000  0.0883611399  -0.0079587712
14.960000  0.0691713088  -0.0152277997
14.980000  0.0499520547  -0.0224903505
15.000000  0.0307115450  -0.0297433308
